421
419
448
463
399
468
400
426
451
361
19
440
181
393
352
465
422
398
443
160
431
430
374
123
64
432
296
411
469
345
292
268
245
413
275
285
270
79
457
391
219
237
416
135
412
269
46
117
126
248
225
287
159
253
418
369
466
75
453
190
259
410
459
150
438
244
429
396
355
309
470
371
31
69
357
215
439
17
10
141
362
354
112
136
351
377
444
462
376
189
385
104
360
386
132
214
50
133
394
378
332
44
83
284
162
340
224
114
318
22
186
251
96
241
336
187
51
27
139
30
264
103
191
122
311
390
105
294
205
171
349
315
227
45
236
8
212
72
314
33
384
240
106
363
53
92
392
380
197
199
464
274
436
301
358
455
166
353
387
283
423
365
445
397
368
447
461
460
442
446
409
450
375
389
433
415
437
382
356
441
402
403
372
405
359
427
467
434
452
428
404
454
379
456
407
425
367
414
408
364
395
406
383
420
458
