458
420
421
419
448
463
399
468
400
361
451
426
369
19
440
393
181
352
465
422
398
443
160
431
430
123
432
64
374
411
296
345
469
292
268
245
275
285
270
79
416
457
391
413
237
219
412
135
269
46
117
126
248
225
287
159
253
418
466
75
453
190
259
410
459
150
244
438
396
355
429
309
31
470
371
69
357
215
17
439
10
141
362
112
354
136
377
462
376
385
189
214
104
386
360
132
133
50
394
378
284
162
44
332
83
340
224
186
114
318
96
22
251
241
27
336
51
187
191
139
30
264
122
103
311
105
294
390
349
205
171
227
236
315
45
8
72
212
314
33
384
444
363
240
106
53
92
197
392
380
199
274
436
358
351
301
464
166
455
387
353
283
365
445
423
397
368
447
375
461
450
446
409
442
389
433
415
382
437
356
460
441
402
403
372
359
427
405
467
434
428
404
452
454
379
456
425
407
367
414
408
364
395
383
406