458
421
420
419
448
463
468
399
400
426
19
451
369
440
393
181
352
465
422
398
443
160
430
123
431
64
432
374
296
411
345
292
469
268
245
413
275
285
270
79
457
391
219
237
416
412
135
269
46
117
126
248
225
287
159
253
418
361
466
75
453
190
259
410
459
150
244
438
355
396
429
309
31
371
470
69
357
215
439
17
10
141
362
112
136
354
377
444
462
376
189
385
104
386
360
132
214
50
133
394
227
378
340
44
284
83
332
162
114
224
186
251
318
22
96
336
241
51
187
27
139
191
30
122
103
264
311
171
105
205
390
294
349
315
236
45
8
212
72
314
33
384
363
106
53
92
240
197
392
380
199
274
387
436
301
351
464
358
166
455
353
445
365
423
460
368
397
283
375
447
461
450
442
409
446
433
415
389
441
382
402
403
356
437
405
427
372
359
467
428
434
404
454
452
456
379
408
425
367
407
414
364
395
383
406
