458
420
421
419
448
463
399
468
400
426
19
440
393
181
369
352
465
398
422
443
160
430
123
431
361
432
64
411
374
296
345
469
292
268
245
275
413
285
270
79
457
391
237
219
416
412
135
269
46
117
126
248
225
287
159
253
418
466
75
453
451
190
259
410
459
150
244
438
355
396
429
309
31
371
470
69
357
215
439
17
10
141
362
112
136
354
377
444
462
376
189
385
104
386
360
132
214
50
133
394
378
340
44
284
162
83
332
114
186
224
318
22
251
96
241
336
51
187
27
139
191
30
103
122
311
264
171
390
105
205
294
349
227
315
45
236
8
212
72
314
33
384
363
106
53
92
240
197
392
380
199
274
358
387
301
436
351
464
166
455
353
445
365
423
368
397
460
461
450
375
283
447
442
409
446
415
433
389
382
441
402
403
356
437
427
405
359
372
467
434
428
404
454
452
408
456
379
367
425
407
414
364
395
406
383
