458
420
421
419
448
463
399
468
395
400
426
19
440
181
393
369
352
465
422
398
160
443
123
431
430
432
64
345
296
411
374
469
268
245
275
292
413
285
270
79
416
457
391
237
219
135
412
269
46
117
126
248
225
287
159
253
418
361
453
466
75
190
259
451
410
459
150
244
438
355
396
429
309
371
31
470
357
69
215
17
439
10
141
362
112
136
351
354
377
444
462
189
376
104
385
386
132
360
214
50
133
394
378
44
340
284
83
332
114
162
251
224
22
318
186
336
96
241
139
51
187
27
191
103
122
264
30
311
390
105
171
205
294
315
349
227
45
236
212
72
8
314
33
384
363
106
53
92
392
197
240
274
387
199
380
301
464
358
436
166
455
353
365
445
423
368
397
450
461
283
375
447
460
442
409
446
433
415
382
389
441
402
403
356
437
427
467
372
359
405
454
434
428
404
452
379
408
456
425
367
407
414
364
406
383
