458
420
421
419
448
463
399
468
426
400
19
440
181
393
352
416
465
160
398
422
443
123
430
431
432
64
345
411
296
374
469
268
245
275
413
292
285
270
79
457
391
237
219
135
412
269
46
117
126
225
248
361
287
159
253
418
466
75
369
453
190
259
451
371
428
459
410
150
244
438
355
396
429
309
31
470
357
69
215
17
439
10
141
112
362
136
351
354
377
444
462
376
189
104
386
360
132
214
50
133
394
340
44
378
284
332
162
83
114
224
22
318
251
186
336
96
241
187
51
139
27
103
191
30
264
122
311
105
171
205
390
294
385
315
227
349
45
236
212
72
314
8
33
197
384
106
53
92
392
363
274
240
380
301
387
199
464
166
436
358
455
353
365
445
423
368
397
450
283
375
447
461
460
409
415
446
433
442
382
389
402
403
441
356
454
467
427
437
372
379
359
404
405
434
452
408
425
456
367
407
414
364
395
406
383