458
420
421
419
448
463
399
468
426
400
19
440
181
393
416
352
369
465
160
398
422
443
371
123
432
430
431
64
345
411
469
374
296
275
245
268
292
285
270
79
413
457
237
391
219
135
412
269
117
46
126
248
225
287
159
418
253
361
466
75
190
259
451
453
410
459
150
355
244
438
396
429
309
31
470
357
69
215
17
439
10
141
112
354
362
136
377
444
462
376
189
385
214
386
104
132
360
50
133
394
227
340
378
44
284
162
332
224
318
114
186
251
83
96
22
241
336
51
27
139
187
191
30
103
311
171
264
122
105
205
390
294
349
315
236
45
212
72
314
8
33
197
384
106
92
53
363
392
380
240
199
274
387
301
464
351
358
166
436
455
353
365
445
423
368
397
450
375
283
461
447
460
415
409
433
446
389
442
402
403
382
441
356
454
467
372
404
427
359
434
405
428
437
379
452
408
425
456
367
407
414
364
395
406
383