458
420
421
419
448
463
399
468
426
400
371
19
181
440
393
352
416
465
160
398
422
443
123
432
431
345
64
374
411
469
296
430
275
245
268
292
285
79
270
413
457
237
391
219
135
412
269
46
117
126
225
248
287
159
253
418
361
466
75
369
190
259
451
410
459
150
355
244
438
396
453
429
309
31
470
357
69
215
17
439
10
141
112
362
354
136
351
377
444
462
376
189
197
214
386
132
104
360
50
133
227
394
340
44
378
284
162
332
224
114
318
251
186
22
83
96
336
241
236
139
51
187
103
191
30
264
171
311
122
205
27
105
390
294
315
349
45
385
212
72
314
8
33
106
53
384
92
363
392
274
380
240
301
199
464
358
436
166
387
353
455
365
445
423
368
397
450
415
460
283
461
447
375
409
389
433
446
382
442
402
403
454
441
356
437
467
379
372
427
404
359
408
428
405
434
452
425
456
367
407
414
364
395
406
383
