458
420
421
419
448
463
399
468
426
400
19
181
440
393
352
369
465
416
371
160
123
398
422
443
432
431
345
64
374
411
469
296
430
275
245
292
268
285
79
270
413
457
219
237
391
412
135
269
117
126
46
248
225
361
287
159
418
253
75
466
190
259
451
453
410
459
150
355
396
244
438
429
309
31
470
357
69
215
17
439
10
141
112
362
354
136
351
377
444
462
376
189
214
386
104
132
360
50
133
394
340
236
44
378
284
332
318
224
114
22
83
251
186
96
336
241
51
139
187
27
103
191
30
171
311
122
105
205
264
390
294
315
349
227
45
385
212
72
314
33
8
197
384
106
53
92
363
274
392
380
240
301
464
199
358
436
166
387
353
455
365
445
460
423
368
450
397
415
283
461
447
409
446
433
389
375
379
402
403
442
382
454
441
408
356
467
404
428
372
427
437
434
359
405
452
425
367
456
414
407
395
364
406
383
