458
420
421
448
419
463
399
468
426
400
19
371
181
440
416
393
352
369
465
160
123
398
422
443
432
345
431
430
64
374
411
469
296
275
292
268
245
285
79
270
413
457
219
237
391
412
135
269
117
126
46
225
248
361
287
159
418
253
75
466
190
259
451
410
459
355
396
150
244
438
453
429
309
31
470
357
69
215
17
439
10
141
112
362
354
136
351
377
444
376
189
197
214
386
104
132
360
50
133
236
340
394
44
378
284
332
22
224
318
83
251
186
114
96
336
241
51
139
187
27
103
191
30
171
105
311
122
390
264
205
294
315
349
227
45
385
212
72
314
33
8
462
384
106
53
274
92
363
392
380
301
240
464
199
358
166
387
455
353
445
365
436
460
423
368
450
397
415
283
461
409
446
447
408
389
433
402
379
403
442
454
382
375
441
356
467
434
404
372
427
428
437
359
405
452
425
367
456
414
407
395
364
406
383