458
420
421
448
463
419
399
468
426
400
19
181
440
393
416
352
371
465
160
123
398
422
443
432
345
431
430
64
374
411
469
296
275
292
268
245
79
285
270
413
457
219
237
391
135
412
361
269
117
126
46
225
248
287
159
418
253
466
75
369
190
259
451
355
396
410
459
150
244
438
429
309
31
470
453
357
69
215
17
10
141
112
362
354
351
136
444
377
462
376
189
197
214
386
104
132
360
50
133
394
340
236
44
378
332
162
284
22
224
318
251
83
186
114
336
96
241
51
139
103
187
191
30
264
171
311
105
390
122
205
27
294
315
349
227
45
212
385
72
314
33
8
384
106
53
363
274
92
392
380
301
464
240
199
358
166
387
455
445
353
365
423
368
436
460
450
397
415
408
283
446
409
461
447
389
433
442
402
379
439
403
454
375
382
441
356
467
404
434
437
372
427
428
359
405
452
367
425
456
414
407
364
395
406
383
