458
420
421
448
463
419
399
468
426
400
19
416
440
181
371
393
352
465
369
160
123
430
398
443
422
432
345
431
64
374
411
469
296
275
292
245
285
79
270
268
219
457
413
237
391
412
135
361
269
126
117
248
225
46
287
159
418
253
75
466
190
259
451
355
410
396
459
150
244
438
429
309
31
453
470
357
69
17
215
10
141
112
362
351
136
354
444
377
462
376
189
214
197
386
104
132
360
50
133
394
227
340
236
44
162
332
378
284
22
224
318
251
186
83
336
96
114
241
139
51
103
187
191
30
311
171
105
122
390
264
205
294
315
27
349
45
212
33
314
72
8
384
363
274
53
106
380
92
392
464
301
358
240
199
166
385
353
445
455
387
365
460
436
368
450
397
423
415
408
283
446
409
447
389
442
433
402
461
439
379
403
382
454
375
356
467
441
434
404
372
437
427
428
359
405
367
425
452
456
407
414
364
395
406
383