458
420
421
448
419
463
399
468
426
400
19
416
440
181
393
352
371
369
465
160
123
430
398
432
443
345
422
431
64
374
411
469
296
275
292
245
285
79
270
219
457
268
413
237
391
412
135
361
269
126
117
248
225
46
287
159
418
253
75
466
190
259
451
355
410
396
459
150
244
438
429
309
31
453
470
357
69
215
17
439
10
141
112
362
354
351
136
377
444
358
376
189
214
197
386
132
104
360
50
236
340
394
44
162
378
224
332
318
22
284
251
83
186
336
96
241
114
139
51
103
133
187
171
30
191
311
390
105
122
205
294
315
264
227
349
27
45
212
33
8
314
72
384
363
274
53
106
380
301
92
392
464
462
199
240
166
353
385
387
455
445
365
460
436
450
397
368
423
415
408
283
446
442
409
447
379
461
402
389
433
403
382
454
356
467
375
441
434
404
372
427
437
359
405
428
367
425
452
456
407
414
364
395
406
383