458
420
421
419
448
463
494
399
468
426
400
371
416
19
491
181
393
440
487
352
465
160
123
432
486
345
422
398
478
443
431
430
64
374
469
411
296
292
275
245
79
285
270
219
268
413
457
237
391
479
135
412
269
117
126
361
225
248
46
287
159
253
418
466
75
369
190
259
485
497
489
495
355
410
396
451
459
150
244
438
429
309
31
470
453
357
69
17
215
439
141
10
382
112
362
447
354
136
351
444
358
377
376
189
462
214
197
386
104
360
132
50
133
394
340
236
44
227
162
332
224
378
284
251
318
22
241
96
336
186
83
114
51
103
139
171
187
105
311
191
30
122
264
205
315
27
390
294
349
45
72
33
212
314
8
363
384
274
106
53
464
380
392
301
92
488
199
484
166
240
353
385
387
455
445
365
460
436
490
450
397
423
368
493
498
415
408
442
283
492
409
477
446
402
461
433
403
389
454
356
467
441
434
379
372
404
375
359
437
405
428
425
427
367
452
456
482
414
407
476
364
395
483
474
471
481
406
475
383
