458
420
421
419
448
463
399
494
468
485
426
400
371
416
19
181
491
440
393
352
430
465
160
123
432
422
345
478
486
398
443
431
64
374
469
411
296
292
275
245
79
285
219
270
413
268
237
457
391
487
135
479
412
269
117
126
225
248
46
287
159
361
253
418
75
466
369
190
259
355
497
495
489
396
451
410
459
150
244
438
429
309
31
470
357
69
453
17
215
433
141
439
112
362
354
351
136
444
358
377
376
189
462
214
197
386
132
104
360
50
133
236
340
394
44
162
332
378
224
318
22
284
103
251
96
241
336
51
83
114
186
139
171
187
105
227
191
30
311
122
315
390
264
205
294
349
27
45
33
212
72
314
8
363
274
384
53
106
464
301
92
488
392
199
380
166
484
240
385
353
455
445
365
460
490
387
450
436
397
368
423
493
442
408
498
415
283
492
409
477
402
446
447
461
403
454
389
382
356
467
441
434
375
372
404
379
359
437
405
425
367
427
428
452
482
456
414
476
407
364
395
483
474
471
481
406
475
383
