458
420
421
419
448
463
399
494
468
485
400
426
371
19
416
181
393
352
440
430
491
160
123
465
487
345
478
432
398
443
422
431
486
64
469
411
374
296
275
79
219
292
285
245
270
268
413
457
237
391
135
479
412
269
117
126
225
248
46
287
159
361
253
418
369
75
466
190
259
355
396
489
495
497
410
451
459
150
244
438
429
309
31
470
357
69
17
215
433
141
439
112
362
354
136
351
444
377
376
462
189
214
197
386
104
132
360
50
133
236
394
340
227
332
44
224
162
284
378
103
96
318
22
251
51
241
186
336
83
114
105
139
171
187
191
311
264
30
315
122
390
27
205
349
294
45
33
72
212
314
274
363
8
384
358
106
53
464
92
301
488
392
199
484
380
166
240
385
353
460
445
455
365
490
387
450
436
397
442
368
423
493
415
498
408
283
477
402
446
409
492
461
403
447
454
389
467
356
372
379
404
434
375
382
359
441
437
405
425
428
427
367
452
482
456
476
414
407
364
395
483
474
471
481
475
406
383