458
420
419
421
448
463
399
494
485
371
468
400
426
495
19
181
416
369
352
440
393
491
160
465
123
430
345
432
478
443
398
422
431
486
64
469
374
411
487
296
275
79
292
285
219
270
245
457
268
413
237
391
412
135
479
126
117
269
225
248
287
159
46
253
418
75
361
466
190
259
355
396
489
497
410
459
451
150
244
438
429
309
31
470
357
69
17
215
141
439
112
362
354
444
136
351
358
377
376
462
189
386
214
197
104
360
132
50
133
236
394
340
227
332
44
224
378
284
103
96
318
22
51
241
251
186
336
83
105
114
187
171
139
191
311
30
264
122
315
27
205
349
294
390
45
72
33
212
314
274
8
384
363
106
464
53
199
488
92
392
301
484
380
353
240
166
445
460
385
455
365
490
442
450
436
387
397
493
368
423
415
498
283
446
492
402
409
408
477
461
403
447
454
433
389
467
356
372
379
434
404
359
382
441
375
437
425
405
367
428
427
452
482
456
414
364
407
476
395
483
474
471
481
406
475
383
