458
420
421
448
419
463
399
371
494
468
400
426
19
181
416
352
440
491
393
160
123
465
432
345
422
478
443
398
431
64
486
469
374
411
487
296
275
79
292
219
285
270
245
430
268
413
457
237
391
135
479
412
117
126
269
225
46
248
287
159
253
418
466
75
361
369
190
259
485
355
396
489
495
497
410
451
459
244
150
438
429
309
31
470
357
69
17
215
433
141
439
112
362
354
444
136
351
358
376
377
462
189
386
214
197
104
132
50
360
133
236
340
394
44
227
332
224
378
318
284
103
96
22
251
241
51
186
336
83
114
139
105
187
171
191
30
311
122
315
264
205
349
390
27
294
45
33
212
72
314
274
8
384
363
106
53
199
488
392
301
464
92
484
166
380
240
353
460
445
455
365
385
442
450
490
436
397
387
493
368
423
492
498
477
446
402
415
408
409
283
403
461
454
447
389
467
356
372
434
359
404
382
379
441
375
437
425
428
405
367
427
452
482
456
364
414
476
407
395
483
471
474
481
406
475
383
