458
420
419
421
448
463
399
371
485
494
468
400
426
19
181
416
352
440
491
393
160
465
123
430
369
487
345
432
443
478
398
422
431
469
486
64
374
411
296
275
79
292
219
285
270
245
413
457
268
237
391
135
412
479
126
117
269
225
248
287
159
46
253
418
75
466
361
190
259
355
396
495
489
497
410
244
459
451
150
438
309
429
31
470
357
69
17
215
433
141
439
112
362
354
358
444
136
351
376
377
462
189
386
214
197
104
132
360
50
133
236
340
394
44
227
332
224
378
284
103
96
318
22
251
241
51
186
336
83
139
105
114
187
171
191
30
311
122
315
264
205
349
390
27
294
45
72
212
33
314
274
8
384
363
106
53
488
199
392
301
464
92
484
166
380
240
353
445
460
455
365
442
387
450
385
436
490
397
368
493
423
492
498
477
446
402
408
415
409
283
403
461
454
447
467
389
359
372
356
404
434
382
379
441
375
437
425
367
405
482
427
452
428
456
364
476
414
407
395
483
471
474
481
406
475
383
