458
420
421
448
419
463
399
485
371
494
468
400
426
19
181
416
487
352
440
491
393
160
465
123
430
345
432
443
398
422
478
431
469
486
64
411
374
296
275
79
219
285
292
270
245
268
413
457
237
391
135
412
479
117
126
269
225
248
46
287
159
253
418
75
466
369
190
259
361
355
396
495
497
489
410
451
459
150
244
438
429
309
31
357
470
69
17
215
141
112
362
354
444
136
351
376
377
462
214
189
197
386
104
360
132
50
133
236
394
340
332
227
44
284
378
224
96
103
318
186
22
51
251
241
105
336
83
171
139
191
114
187
264
30
311
122
27
205
349
315
390
294
45
33
72
212
314
274
384
8
363
358
106
53
464
199
392
301
488
92
353
484
166
380
240
445
385
455
365
442
460
450
387
436
397
490
493
368
423
492
498
477
415
402
446
409
283
461
403
454
447
439
433
359
467
372
356
437
434
389
404
441
375
379
425
367
482
405
452
427
428
456
364
476
414
407
483
395
471
474
481
406
475
383
