458
420
421
419
448
463
399
485
500
371
494
468
400
426
19
487
181
416
352
440
393
491
160
465
123
345
432
443
398
193
422
431
478
469
486
374
411
64
296
275
79
219
292
285
245
270
413
268
237
457
391
430
135
479
412
117
126
269
225
248
46
287
159
253
418
75
466
369
259
190
361
355
396
495
489
497
410
459
451
244
150
438
429
31
309
357
470
69
17
215
437
141
439
112
362
444
136
351
377
376
462
189
197
214
386
104
360
132
50
133
236
340
394
227
284
44
332
378
224
318
96
22
186
103
251
241
51
336
105
83
114
171
187
264
139
191
311
30
122
315
27
205
349
390
45
294
72
33
212
314
274
384
8
363
354
53
106
199
392
385
92
301
488
464
484
240
166
380
353
445
455
365
387
442
460
450
436
490
397
493
492
423
368
358
498
477
415
402
446
283
409
454
461
403
447
433
467
359
356
372
434
404
389
441
375
379
425
367
482
452
405
427
428
456
364
407
414
476
395
483
471
474
481
406
475
383
