458
420
421
419
448
463
399
485
371
494
468
400
426
19
487
181
416
352
440
393
491
160
465
123
345
443
432
431
193
398
422
469
478
486
374
64
411
296
275
79
219
292
285
245
270
413
268
237
457
391
430
135
479
412
117
126
269
225
248
46
287
159
253
418
466
75
369
361
259
190
355
396
500
495
489
497
410
451
459
150
244
438
429
31
309
357
470
69
17
215
141
437
439
112
362
444
136
354
351
377
376
462
189
386
214
197
104
360
132
50
133
236
340
394
44
227
332
284
378
224
318
22
96
251
103
186
336
241
51
114
83
105
139
171
187
264
191
30
311
122
205
315
27
349
390
72
294
45
33
212
314
274
384
8
363
53
106
199
392
385
301
92
464
484
488
240
166
380
353
445
455
365
442
460
450
387
436
490
397
423
492
493
358
498
368
477
446
402
415
283
409
454
403
461
447
433
467
359
356
434
372
404
389
441
375
379
425
367
482
452
405
428
456
364
407
414
476
395
483
471
474
481
406
475
383
