458
420
421
419
448
463
399
485
500
371
494
468
400
426
487
19
495
181
352
369
416
440
393
491
160
465
123
345
443
431
193
432
398
478
469
422
486
374
411
64
275
296
79
219
285
292
270
245
413
268
237
457
391
430
135
412
479
126
117
269
225
248
46
159
287
253
418
75
466
259
190
361
355
396
489
497
410
459
451
150
244
438
429
31
309
357
470
69
17
215
141
439
112
362
444
358
136
377
376
462
386
189
197
214
104
360
50
132
133
236
340
394
227
332
44
284
378
224
96
103
318
186
22
51
251
241
336
105
83
171
114
187
264
139
191
30
349
122
311
205
27
315
390
72
294
45
33
212
314
384
199
8
274
363
106
53
385
392
351
354
301
92
464
484
240
488
166
380
445
455
442
365
460
353
450
436
490
397
387
423
492
493
368
477
446
498
402
415
283
409
454
403
461
447
433
437
467
359
356
434
372
404
389
441
379
375
425
482
367
452
405
428
456
364
414
407
476
395
483
471
474
481
406
475
383
