458
420
421
419
448
463
399
485
371
494
468
400
426
19
487
181
352
416
440
393
491
160
465
123
345
193
431
443
432
398
422
469
478
486
64
374
411
275
296
79
219
292
285
245
270
413
268
237
457
391
430
135
479
412
117
126
269
225
46
248
287
159
253
418
466
75
369
259
190
361
355
396
500
495
489
497
410
459
451
150
244
438
31
429
309
357
470
69
17
215
141
437
439
112
362
444
136
358
351
377
376
462
189
386
214
197
104
360
50
132
133
236
340
394
44
227
284
378
332
318
224
96
22
251
186
103
336
241
51
83
114
171
105
139
187
191
264
30
311
315
122
205
349
27
390
72
294
33
212
314
45
274
384
8
199
53
106
385
392
363
354
301
92
464
484
240
166
380
488
353
445
365
455
442
387
450
490
436
397
460
423
492
493
368
477
498
402
446
283
415
409
454
403
461
447
359
467
433
356
372
404
434
389
441
379
375
425
482
367
452
405
428
456
364
414
407
395
476
483
474
471
481
406
475
383
