458
420
421
419
448
463
399
500
485
371
494
468
400
426
19
487
181
352
416
393
491
123
160
465
430
345
193
431
443
432
398
422
469
478
486
64
374
411
275
79
296
292
285
219
270
245
413
268
457
237
391
135
479
412
117
126
269
225
248
46
287
159
253
418
466
75
369
259
190
361
355
396
495
489
497
410
459
451
150
244
438
429
31
309
357
470
69
17
215
141
437
439
112
362
444
136
351
376
377
462
197
189
214
386
104
360
50
132
133
236
340
394
227
284
44
332
378
224
318
96
103
186
22
251
51
241
336
171
105
114
83
139
191
187
264
30
311
122
315
349
27
205
390
72
294
33
314
212
274
45
384
8
358
199
53
106
385
392
363
301
464
92
354
484
240
166
353
380
488
445
365
455
442
450
490
397
436
387
423
492
493
368
460
477
498
402
446
283
415
409
454
403
461
447
359
467
433
372
441
356
404
434
379
389
375
425
482
367
452
405
428
456
364
414
407
395
476
483
474
471
481
406
383
475
