458
420
421
448
419
463
399
485
371
494
468
400
426
19
487
181
352
416
393
491
123
160
465
345
193
431
443
432
398
486
469
478
422
64
374
411
296
275
79
292
219
285
268
245
270
413
237
457
391
430
135
479
412
117
126
269
225
46
248
287
159
253
418
466
75
369
361
259
190
355
396
500
451
495
489
497
459
410
150
244
438
429
31
309
357
470
69
17
215
141
439
112
362
444
358
136
351
376
377
462
386
189
214
197
104
360
50
132
133
236
340
394
227
44
284
332
378
224
103
96
318
186
251
22
241
51
336
105
83
171
114
139
191
187
264
30
122
311
315
349
205
27
390
72
294
33
212
314
274
45
384
8
199
53
106
385
392
464
354
301
92
363
484
240
166
380
488
445
442
365
455
490
397
450
436
353
477
423
492
493
368
460
387
498
446
402
415
283
454
409
403
461
359
441
433
447
372
467
404
437
356
434
379
389
375
482
425
367
452
405
428
456
364
407
414
395
483
476
474
471
481
406
383
475
