458
420
421
419
448
463
399
500
485
371
494
468
426
19
400
487
181
352
416
393
491
123
160
465
345
431
193
443
432
398
422
469
486
268
478
64
374
411
275
79
219
292
296
285
245
270
413
237
457
391
430
135
479
412
117
126
269
225
46
248
287
159
253
466
418
75
259
190
369
361
355
396
451
495
489
410
459
497
150
244
438
429
31
309
357
470
69
17
215
141
437
112
444
362
136
376
351
377
462
386
214
189
197
104
360
50
133
132
236
340
394
227
284
332
44
378
224
96
318
186
103
22
251
51
241
336
105
171
83
191
114
187
264
139
30
311
122
349
315
27
205
390
72
294
33
212
314
274
384
45
8
385
53
106
358
199
392
464
363
301
92
484
354
240
353
166
380
488
442
365
455
445
490
450
436
397
492
477
493
423
368
460
387
498
446
402
415
283
454
409
403
461
359
441
467
372
404
447
439
433
434
356
379
389
375
482
425
367
452
405
428
456
364
407
414
483
395
476
474
471
481
406
383
475
