458
420
421
448
419
463
399
500
371
494
485
468
400
352
426
487
181
19
123
393
416
491
160
465
345
431
193
443
486
398
432
422
469
478
268
374
64
411
79
275
292
219
285
245
296
270
413
237
391
457
430
479
135
412
117
126
225
269
46
248
287
159
253
466
75
418
369
259
190
361
355
396
451
495
489
410
497
459
150
244
438
429
31
309
357
470
69
17
215
141
437
112
439
444
362
136
376
462
377
386
197
189
214
104
360
50
132
133
340
236
394
227
284
44
378
332
224
96
186
318
103
251
51
22
241
171
336
105
83
191
114
187
139
264
30
122
311
349
315
205
27
72
390
294
33
314
212
358
199
274
8
384
45
53
385
106
392
351
464
301
363
92
354
484
240
166
380
442
353
365
488
455
445
490
450
387
397
436
492
423
493
477
460
498
368
402
446
415
283
454
461
403
409
359
441
372
404
467
447
379
434
356
433
375
389
482
425
367
452
405
428
456
364
407
414
483
395
476
474
471
481
406
383
475
