458
420
421
448
419
463
399
500
371
494
361
468
400
352
426
487
181
123
393
19
416
491
160
465
345
431
193
443
486
432
398
469
422
478
268
374
64
79
411
275
292
219
285
296
245
270
413
237
391
457
430
135
479
412
117
126
225
269
46
248
287
159
253
466
75
418
259
190
369
355
396
485
451
495
489
410
459
497
150
244
438
429
31
309
357
470
69
17
215
141
437
112
444
362
136
351
376
462
377
386
197
214
189
104
360
50
133
132
236
340
394
227
284
44
332
378
224
96
318
186
103
251
22
51
241
336
171
191
105
114
83
187
264
139
30
311
122
315
349
27
205
72
390
294
33
212
314
274
358
8
384
385
53
45
106
199
392
464
301
363
92
354
240
484
380
166
442
353
365
488
455
490
397
445
450
492
436
493
423
387
477
498
368
460
402
446
283
454
461
415
403
409
359
404
372
441
467
379
447
434
439
356
433
375
389
482
425
367
452
405
428
456
364
407
414
483
395
474
476
471
481
406
383
475
