458
421
448
463
399
371
419
494
361
478
468
426
400
352
181
487
393
123
19
416
160
491
465
345
431
193
443
432
486
398
469
422
268
374
64
79
411
292
275
219
285
245
296
270
413
237
391
457
430
135
479
412
117
126
225
269
46
248
287
159
253
466
418
75
190
259
369
355
396
500
485
451
489
495
410
459
497
150
244
438
429
309
31
357
470
69
17
215
141
437
112
439
501
444
362
136
376
351
462
377
386
197
189
214
104
360
50
132
133
236
340
394
44
284
227
332
378
224
318
96
186
22
251
103
241
51
336
105
83
114
171
191
187
139
264
30
311
122
315
349
205
27
390
72
294
33
212
314
274
358
199
8
385
53
384
106
45
392
464
301
363
92
354
484
240
380
166
442
353
365
490
455
488
397
445
450
387
436
492
460
423
493
368
477
498
402
446
283
454
461
415
403
409
359
404
372
441
467
434
447
379
356
433
375
389
482
425
367
452
405
428
456
364
407
414
483
395
476
474
471
481
406
383
475
