421
419
399
448
463
468
400
426
361
440
393
19
451
181
465
422
160
431
352
398
123
430
443
432
374
411
64
296
469
268
345
285
245
413
292
275
270
391
457
219
237
79
416
412
269
135
117
46
369
126
225
248
253
75
287
159
418
453
190
466
459
259
150
410
244
396
438
429
309
355
437
371
31
69
17
470
357
10
215
112
141
362
351
136
354
376
377
104
462
444
385
360
189
386
132
50
394
83
214
284
378
340
27
332
162
44
224
114
251
318
336
96
187
241
22
122
139
186
105
191
51
103
264
133
294
30
315
311
390
171
349
227
45
236
205
8
212
384
72
314
106
33
240
197
53
92
274
363
353
380
392
199
436
301
464
166
455
358
439
368
387
365
423
283
447
397
446
445
389
450
460
433
442
409
375
356
461
382
441
415
402
467
403
427
405
359
428
434
372
452
404
379
454
456
425
414
408
407
367
420
364
406
458
383
395
