383
408
406
364
395
367
414
407
425
452
379
456
404
428
467
427
454
434
359
405
441
437
356
402
460
403
433
415
372
409
382
442
461
389
375
450
446
447
368
365
397
445
423
439
353
387
283
199
455
166
358
301
436
464
392
274
197
384
380
53
106
240
72
363
92
444
315
390
33
8
236
45
212
314
294
105
227
349
122
171
205
311
27
103
191
139
318
30
22
251
336
51
187
264
96
241
83
162
114
186
44
340
378
394
386
104
332
224
284
50
189
132
133
385
214
360
462
376
351
112
377
136
354
10
17
371
362
141
357
215
31
69
355
244
396
470
309
459
259
429
438
190
410
150
75
418
466
159
253
225
117
287
248
412
219
269
46
135
413
126
237
416
391
270
79
457
345
292
275
285
268
245
411
296
123
469
453
64
374
432
160
430
431
443
422
398
465
352
19
369
181
426
393
440
468
361
451
400
463
448
419
421
399
420
458
