421
420
458
463
399
448
419
352
400
393
181
451
468
19
369
426
398
422
160
440
443
465
432
123
430
64
431
411
469
296
374
345
292
268
275
245
270
219
285
391
79
457
416
413
237
412
46
269
126
135
225
117
159
466
248
253
259
287
361
418
190
150
453
75
438
355
459
244
309
410
429
396
371
470
439
17
354
357
31
69
112
215
10
141
462
376
362
136
377
444
385
189
104
214
394
360
50
132
386
162
227
133
83
44
332
378
284
114
51
186
241
336
22
340
251
187
224
139
96
27
191
318
30
264
122
103
390
311
105
294
236
8
349
205
315
171
45
212
363
106
384
72
33
314
240
392
380
53
92
197
199
274
387
351
358
464
353
436
455
365
301
166
368
445
397
460
375
283
409
442
447
423
450
461
446
415
402
382
389
433
441
437
356
467
403
359
427
434
372
454
405
404
379
452
428
364
367
456
408
425
407
383
414
406
395
