420
458
419
421
369
463
448
468
399
426
400
19
393
181
352
440
465
422
398
160
430
123
431
443
46
361
432
64
374
411
245
268
345
296
292
275
79
285
469
270
237
391
413
219
269
457
412
287
416
248
117
225
453
135
253
159
451
466
126
418
75
190
150
259
244
410
396
459
355
438
429
371
309
470
31
69
357
215
362
351
17
141
377
112
10
462
189
354
136
104
444
385
132
214
376
360
133
50
394
386
332
44
83
378
284
224
162
251
114
340
96
241
51
22
186
187
336
318
191
103
27
264
171
139
205
30
122
390
311
236
294
315
45
105
227
72
349
33
212
384
314
8
240
197
92
106
53
274
358
464
363
392
380
199
301
166
387
455
436
365
353
397
423
283
368
375
445
447
450
442
461
460
439
446
382
415
433
409
389
402
441
372
403
405
427
356
434
359
437
467
452
428
454
404
425
408
456
367
407
379
395
406
364
414
383
