458
420
421
419
448
463
395
399
468
426
400
393
19
352
181
440
465
160
443
422
369
398
123
296
430
64
431
432
345
374
292
469
411
268
275
285
245
416
270
237
79
413
457
391
412
269
135
126
46
248
219
225
159
117
253
287
361
75
466
451
418
190
453
396
259
459
244
355
429
470
410
438
371
150
309
215
31
357
69
141
136
439
17
112
10
362
444
376
189
351
462
354
360
377
132
104
386
385
214
50
133
44
340
332
162
394
83
378
114
227
284
251
224
96
22
336
186
187
139
103
311
241
191
122
318
27
51
264
390
315
205
105
30
171
294
72
236
349
45
33
212
8
392
314
53
363
92
106
199
384
240
197
274
380
387
358
436
301
455
464
166
445
365
423
353
447
460
368
442
397
450
461
283
375
389
446
409
382
415
356
441
433
403
437
402
405
427
454
467
372
428
359
404
452
408
379
434
456
367
425
364
406
407
414
383
