383
406
395
364
414
367
456
407
408
425
372
379
404
434
452
467
405
441
359
437
427
454
356
389
442
403
402
409
283
415
382
447
461
460
433
446
397
375
445
368
450
365
455
423
358
166
464
353
199
436
380
387
392
240
197
301
363
53
274
92
106
8
384
33
349
212
314
236
72
30
45
294
315
171
385
390
191
311
122
205
105
103
264
227
139
27
241
318
162
96
251
83
51
22
186
187
114
224
336
133
332
284
44
378
132
340
394
386
104
360
189
214
50
376
444
462
377
351
362
354
10
112
136
215
141
470
439
357
17
309
31
396
69
429
438
244
150
355
410
190
259
459
371
428
466
75
453
451
361
418
287
253
46
225
248
126
159
369
117
237
412
269
135
219
391
79
457
270
469
292
275
285
413
296
268
374
430
245
411
64
345
123
432
160
431
422
443
465
416
393
440
352
181
400
448
19
463
398
426
419
399
420
421
458
468
