383
395
414
364
406
407
456
425
408
367
379
428
452
405
427
437
434
359
467
404
372
356
403
454
442
382
441
402
433
415
389
446
409
450
461
447
375
460
283
358
397
455
445
365
423
368
353
436
351
464
301
166
387
274
199
106
380
392
384
363
53
240
92
72
8
197
33
45
212
349
294
314
205
105
315
390
264
311
171
122
103
236
187
51
191
83
139
30
241
336
22
114
27
96
284
186
332
162
251
318
340
224
394
378
44
385
227
50
133
104
132
214
189
360
386
376
136
362
444
377
462
141
17
112
354
10
439
357
470
215
31
69
453
429
396
244
309
355
150
459
190
438
259
466
159
75
253
287
410
451
248
418
361
117
269
225
135
126
46
219
412
391
285
237
457
79
270
413
292
245
469
275
371
268
296
64
432
345
374
411
431
430
123
398
160
422
369
443
393
181
465
416
352
440
426
399
448
468
19
400
419
421
463
458
420
