420
458
463
421
448
419
399
426
468
400
19
440
181
352
393
416
371
160
123
422
398
443
465
432
431
345
469
296
64
374
292
411
268
285
79
275
245
391
270
430
237
413
219
457
412
269
117
126
135
418
159
225
248
361
466
46
369
253
451
75
459
287
190
410
259
453
429
150
244
438
355
396
31
69
309
215
470
439
357
17
141
354
10
136
112
351
362
462
444
376
189
104
377
197
386
132
214
360
44
133
227
340
114
332
50
378
394
162
318
284
96
336
236
251
224
187
22
186
241
83
30
122
139
191
264
103
105
51
205
315
27
311
171
349
390
385
72
294
45
212
106
33
392
8
53
363
314
92
380
384
240
358
274
436
464
301
199
455
166
353
387
368
365
423
283
445
397
450
461
389
409
415
460
375
447
402
403
382
446
433
372
442
454
356
379
467
437
441
427
359
405
408
404
452
434
428
414
456
425
367
364
407
395
406
383
