458
420
419
463
448
421
400
399
468
440
19
393
426
352
465
416
181
371
430
160
123
369
422
443
432
431
398
345
411
296
469
374
268
64
413
275
79
245
292
285
237
219
457
46
391
270
135
412
117
269
287
248
225
361
159
126
418
75
253
466
190
453
259
459
410
451
438
355
309
150
396
244
357
31
17
429
69
215
470
439
112
354
141
10
362
444
136
351
386
189
377
197
214
376
394
104
132
50
236
360
44
133
83
114
332
378
340
22
284
224
318
336
96
171
251
51
139
241
103
186
187
27
30
122
191
264
294
390
205
33
311
315
349
105
227
72
212
314
45
8
363
385
462
106
384
53
92
380
240
274
392
301
358
464
387
199
445
166
436
455
365
460
353
397
423
450
283
375
368
415
409
433
379
461
389
402
447
382
442
454
403
446
408
467
441
356
359
372
428
404
427
367
452
425
437
434
456
407
405
414
364
406
383
395
