364
383
406
395
367
407
456
414
425
452
359
428
404
405
437
427
434
356
403
372
442
467
454
402
375
441
379
382
408
433
447
389
368
461
409
446
423
450
283
415
353
397
460
365
455
436
445
387
240
358
199
166
464
363
301
392
197
380
53
384
274
92
33
106
72
8
385
314
45
212
349
462
390
205
264
315
187
311
294
227
105
122
27
171
191
51
30
241
139
103
336
96
224
114
186
83
251
318
22
394
378
284
340
332
44
132
236
104
50
386
214
189
360
377
133
354
136
376
444
351
141
112
10
362
215
439
453
17
69
31
309
429
438
470
357
244
459
451
396
150
259
355
410
75
418
190
253
361
287
466
159
225
117
269
248
135
126
46
391
412
219
457
270
237
275
245
285
79
411
296
374
292
268
413
345
431
469
443
64
432
422
430
398
160
123
465
369
352
416
371
440
393
426
19
400
468
463
399
181
419
448
420
421
458
