458
420
421
448
419
463
399
426
468
393
19
181
400
352
440
465
416
160
443
371
398
123
422
431
374
345
64
430
432
469
411
413
296
292
275
46
285
79
268
245
457
237
219
270
412
391
117
269
135
126
361
248
287
253
159
225
369
190
418
75
410
459
451
259
466
355
429
396
244
438
150
470
453
31
215
309
357
17
69
112
351
10
444
362
141
376
136
462
377
354
189
214
385
133
360
132
162
394
386
224
50
104
44
378
332
83
284
318
22
251
236
96
114
186
241
139
336
340
103
51
171
311
105
187
191
205
227
30
122
390
264
72
45
315
294
27
349
212
314
33
197
8
106
363
274
384
53
392
92
464
301
380
353
199
240
445
166
358
387
460
455
423
436
365
368
450
397
415
409
447
446
283
408
461
433
379
402
389
375
382
356
442
439
403
454
404
467
372
434
437
441
405
428
452
359
456
425
427
367
364
414
407
383
406
395
