383
406
395
364
456
405
407
425
359
414
452
367
428
372
427
441
437
404
434
467
375
356
403
382
454
442
402
433
439
461
447
379
409
408
389
283
446
423
415
450
397
460
368
455
365
387
353
436
358
445
199
392
166
240
380
385
72
464
301
106
274
363
53
92
212
384
33
314
315
8
349
45
205
30
27
264
122
390
294
171
187
311
105
191
103
241
114
139
51
22
336
96
236
83
186
318
224
251
378
332
227
284
44
162
340
394
197
50
132
133
360
386
376
104
462
377
214
189
351
444
215
362
112
17
136
10
141
354
453
357
470
309
31
69
429
150
244
438
451
190
396
459
259
410
355
287
75
466
253
418
159
361
248
117
135
225
269
126
46
412
391
413
219
237
457
270
275
285
430
79
292
268
245
411
469
296
374
432
431
345
443
422
64
160
398
123
440
465
369
352
416
19
393
371
426
181
419
400
420
468
399
448
463
421
458
