383
406
395
364
407
414
456
452
367
428
434
425
359
427
372
405
437
441
375
467
356
454
404
382
379
403
461
433
402
447
446
397
389
409
283
368
423
442
408
415
460
445
436
450
365
387
455
380
353
240
385
166
92
464
53
301
462
274
199
384
45
392
33
106
363
72
197
27
314
8
227
315
349
390
212
171
264
311
205
30
122
294
103
191
241
187
105
139
224
114
51
336
96
22
186
251
83
162
236
332
284
44
318
394
378
340
50
360
133
214
132
189
377
386
104
354
358
444
376
136
351
362
141
215
112
10
17
69
357
453
31
470
439
429
309
150
438
244
459
396
355
410
259
466
451
418
190
75
287
225
253
159
248
135
46
269
117
126
412
457
237
391
413
270
79
219
268
285
245
292
411
422
275
431
296
374
64
469
432
345
443
398
123
160
430
393
361
465
371
369
352
19
440
181
426
416
463
400
399
419
468
458
448
421
420
