420
458
419
421
399
448
400
468
426
494
463
487
371
19
491
393
416
181
440
345
432
465
486
431
160
443
352
374
411
469
430
398
478
123
422
296
64
292
245
268
79
275
413
219
270
285
135
391
479
117
457
237
412
361
269
126
225
46
287
248
190
75
369
418
253
485
259
497
159
489
355
451
495
150
466
396
459
410
244
438
429
31
309
453
357
470
69
141
215
17
10
439
462
112
351
354
362
136
444
358
447
353
377
376
386
197
132
189
214
104
50
360
236
340
332
394
44
133
162
378
284
224
22
114
103
51
318
336
83
251
186
227
187
139
241
105
96
311
171
191
315
390
122
27
294
30
205
212
72
33
349
264
314
45
363
274
106
392
384
8
53
380
166
464
488
484
301
92
240
199
436
455
385
387
423
365
490
445
397
368
460
433
450
442
415
493
498
283
409
446
408
492
402
389
461
477
403
356
454
382
441
467
379
437
404
375
434
425
405
372
427
428
452
407
414
359
482
456
367
483
476
395
471
383
481
474
406
364
475
