458
420
421
419
448
494
463
399
485
19
468
393
400
371
426
416
491
440
181
352
430
123
465
432
478
160
486
64
345
398
422
443
374
411
431
469
296
245
292
79
487
275
219
285
268
270
237
135
391
269
457
46
479
412
361
117
413
159
126
248
369
287
225
418
259
466
190
497
410
75
489
253
355
451
244
495
396
150
438
459
470
309
31
357
429
17
215
141
453
433
69
354
112
439
362
358
444
377
136
351
462
189
386
360
376
197
104
132
50
394
340
214
236
133
332
378
224
162
44
318
284
336
51
241
251
103
96
22
83
139
114
171
186
187
105
30
311
315
264
227
390
191
122
205
349
45
27
294
274
8
72
33
392
314
212
53
301
363
384
488
106
92
464
380
240
484
460
455
166
353
199
365
445
385
387
450
490
436
423
408
493
415
397
498
442
368
477
446
402
492
283
389
461
382
403
409
467
447
454
356
404
375
372
441
379
437
434
425
359
428
427
367
405
482
414
476
456
452
407
483
395
471
364
474
475
406
481
383
