383
406
471
475
481
474
395
483
364
476
414
456
482
367
452
407
427
425
359
437
405
382
441
428
404
375
372
434
379
389
356
467
454
447
403
461
477
283
402
415
492
409
498
446
436
442
408
493
387
460
423
455
397
450
365
368
166
385
484
445
490
353
380
301
240
392
464
92
106
274
384
8
33
488
53
212
199
363
45
227
358
390
349
314
294
191
205
30
315
311
264
27
83
139
336
187
122
114
105
394
171
22
318
72
251
241
186
51
162
96
378
284
133
44
224
103
236
332
340
360
132
197
377
462
50
386
104
189
351
376
214
444
136
354
141
215
439
362
17
112
357
69
309
433
470
429
31
396
438
451
150
244
495
355
410
459
489
497
259
369
190
466
75
418
253
361
46
237
248
117
287
159
391
225
126
135
412
457
269
268
413
479
285
270
245
296
292
275
79
411
219
486
374
422
64
469
431
432
398
345
443
491
123
430
487
478
465
440
160
352
416
393
19
371
181
485
426
400
494
399
421
468
448
463
419
458
420
