458
448
463
420
419
485
421
494
399
468
371
181
495
426
489
19
400
416
352
430
393
440
123
345
491
160
432
465
398
64
431
478
374
469
443
411
79
486
422
275
457
296
292
285
219
245
487
413
270
268
269
237
391
412
135
117
248
479
126
225
369
159
287
46
253
75
361
190
418
466
497
355
438
451
410
259
396
150
244
309
459
429
69
470
31
357
17
439
215
112
141
362
136
354
377
358
376
444
351
197
386
189
214
132
360
462
50
104
394
332
44
236
340
378
284
224
51
227
241
96
22
251
133
103
318
83
336
139
186
114
264
122
171
191
187
105
311
205
294
349
30
315
314
27
390
8
212
45
33
363
72
199
384
106
53
274
392
464
484
353
92
488
460
380
301
240
166
445
490
442
385
455
365
450
397
387
368
423
498
436
415
493
408
283
492
446
402
454
403
409
477
447
433
434
461
389
404
356
359
467
372
382
379
375
425
441
427
437
367
428
456
414
405
452
482
407
364
476
395
471
483
406
474
475
481
383
