383
475
481
483
474
406
471
395
414
367
407
482
476
452
364
405
456
427
437
428
379
441
467
425
375
372
359
434
403
454
382
356
404
461
409
283
389
415
477
402
447
408
492
446
436
423
498
442
397
368
493
387
385
450
490
353
365
455
445
484
166
380
488
460
301
240
199
392
464
384
92
53
106
314
363
33
8
30
72
315
212
390
264
294
349
122
171
27
45
205
311
191
187
186
114
105
336
83
51
139
251
394
318
96
103
22
332
241
227
224
378
340
284
44
133
50
197
236
274
462
132
104
360
386
214
189
351
136
377
362
376
358
354
444
112
433
69
215
141
439
470
309
17
429
31
357
150
396
438
459
244
489
497
451
495
355
410
190
75
259
418
253
466
485
369
287
248
269
159
126
225
46
361
135
479
391
457
117
412
237
268
245
285
292
270
413
430
219
79
275
296
64
487
411
422
374
398
469
431
486
345
465
443
432
160
478
440
123
352
181
393
426
491
416
400
19
371
468
494
399
419
448
463
458
421
420
