406
483
383
481
475
471
395
474
364
407
414
456
428
405
482
476
427
425
452
375
367
441
434
382
437
404
372
379
467
356
447
389
454
359
283
461
409
403
408
446
415
477
492
402
498
493
423
490
450
368
445
397
387
436
460
365
353
442
455
385
240
484
380
392
199
92
166
488
301
464
363
106
53
384
45
8
274
227
314
264
72
33
212
27
349
205
114
294
390
30
311
122
315
187
105
83
103
191
139
171
241
186
96
336
224
251
22
318
51
236
378
284
44
332
394
340
50
360
197
462
132
386
358
133
189
214
104
354
351
362
376
377
439
444
136
112
433
215
141
69
17
357
438
470
31
429
150
309
459
451
497
489
396
244
495
190
355
410
361
75
466
418
259
253
159
287
46
412
225
269
479
126
135
391
457
248
413
237
268
245
219
117
270
285
292
486
296
275
79
374
469
411
64
432
431
398
345
487
478
443
422
369
160
430
393
123
491
465
426
400
352
181
440
371
468
494
416
463
19
419
448
421
485
399
458
420
