383
406
474
475
471
481
395
414
476
482
483
364
452
407
367
428
456
427
425
405
375
379
441
404
372
434
356
467
389
437
433
439
447
283
359
461
403
454
409
402
415
446
492
477
368
498
387
460
493
397
436
423
450
442
490
445
365
455
240
358
353
166
385
301
380
199
484
488
92
392
384
464
106
53
8
363
72
45
274
349
212
314
390
33
294
315
205
27
122
191
30
114
264
105
171
139
83
187
336
311
51
251
227
22
186
103
241
318
96
284
44
378
340
133
332
394
236
224
360
50
104
132
197
189
377
386
462
214
444
351
362
376
112
354
136
141
69
215
17
31
357
309
470
429
410
244
438
355
495
459
497
150
369
489
259
46
451
466
190
396
418
361
287
159
253
75
248
225
412
269
479
135
126
117
237
457
270
292
391
413
245
268
79
285
411
374
219
296
64
275
486
431
443
469
432
398
422
123
478
345
465
430
160
352
491
416
393
181
371
440
400
19
426
487
494
468
448
463
485
399
419
458
421
420
