383
407
481
475
406
471
474
395
476
483
364
427
414
456
428
425
482
405
389
452
367
375
379
372
434
356
441
433
404
454
467
403
447
283
461
446
402
409
359
477
397
415
358
490
423
493
442
492
436
368
450
498
455
365
353
387
166
380
445
460
363
240
464
106
488
301
484
92
53
314
384
354
199
392
274
385
294
212
8
72
33
45
205
390
122
315
27
349
30
311
264
139
191
114
105
171
336
187
103
96
51
251
83
241
22
186
227
224
332
318
340
44
284
214
236
378
50
394
132
360
197
133
462
386
104
377
351
444
189
136
439
362
215
112
376
141
437
17
470
69
429
31
357
244
309
459
451
438
150
410
495
497
190
396
259
253
75
361
355
369
489
466
46
418
287
159
248
126
225
391
479
117
412
269
457
430
268
237
270
413
245
79
285
135
292
219
275
411
486
374
296
469
431
422
443
193
398
432
478
491
123
465
64
440
160
345
352
181
400
393
468
426
487
19
371
500
494
399
416
463
419
485
448
421
420
458
