458
421
420
485
419
448
463
371
399
400
468
494
487
181
19
416
426
440
352
491
160
465
123
345
393
443
398
431
374
469
193
486
422
411
478
296
219
64
79
432
285
245
292
275
270
457
268
391
237
413
135
412
269
117
479
46
126
287
225
369
430
159
418
75
190
466
248
253
355
259
495
361
500
497
396
489
410
150
451
459
309
69
244
438
357
429
31
470
17
141
215
112
437
362
439
136
377
354
376
444
462
351
189
386
133
132
197
360
214
224
50
44
340
332
104
284
378
186
236
96
22
251
51
318
103
139
241
264
336
105
83
191
187
311
114
30
171
394
27
122
205
390
315
227
294
349
45
212
314
72
8
33
363
274
106
199
392
488
301
384
385
92
53
353
484
166
460
240
445
380
455
387
442
464
490
365
450
436
415
368
423
358
397
498
492
409
493
477
402
446
454
447
461
283
433
359
467
403
404
372
434
356
367
441
389
425
375
452
379
428
405
482
414
364
407
456
483
471
406
476
474
395
383
481
475
