458
419
463
420
448
399
421
500
485
494
371
426
495
487
468
352
416
400
19
440
491
181
160
393
345
369
443
465
478
432
486
123
193
422
64
469
398
431
79
374
285
275
292
411
296
270
245
391
457
430
219
237
413
268
135
412
126
117
269
479
225
361
159
46
248
418
287
75
259
253
190
497
355
396
466
459
489
451
150
410
244
31
438
429
357
470
215
309
69
439
17
141
112
358
362
444
376
136
377
189
386
462
214
133
360
132
50
197
236
394
104
378
340
224
44
227
332
251
284
186
318
96
83
241
22
191
187
171
51
349
336
139
103
30
105
114
311
264
294
205
122
390
45
27
315
314
199
385
33
72
212
384
274
8
106
351
363
392
354
53
301
166
484
92
353
488
240
460
380
455
442
464
445
365
387
493
436
450
490
397
492
368
423
477
283
415
454
402
446
498
409
403
467
372
461
447
359
389
433
356
404
434
375
437
441
379
482
367
425
364
452
476
428
405
407
456
414
474
395
471
483
383
475
406
481
