458
421
463
420
419
399
448
371
485
400
494
19
426
487
468
352
181
416
440
491
393
160
465
123
345
443
431
432
193
398
422
268
469
486
478
64
275
411
413
292
374
79
219
296
285
457
245
135
270
391
269
237
117
412
430
479
225
287
126
46
369
159
248
253
355
466
190
75
418
361
259
396
495
497
500
489
410
150
459
451
429
244
438
31
309
357
470
141
69
215
17
433
362
112
444
136
439
376
386
377
189
351
358
133
214
132
104
360
50
197
394
340
462
224
284
227
236
378
318
44
96
103
332
251
186
336
51
83
114
171
315
241
264
139
22
105
187
122
205
390
30
27
349
191
311
314
212
72
33
45
199
294
274
53
464
384
106
8
392
240
354
385
363
301
484
380
92
365
353
166
387
445
488
442
455
450
423
397
490
460
493
436
492
402
368
283
477
446
415
498
409
403
454
461
437
447
372
467
359
375
434
389
379
425
404
356
482
441
405
452
364
367
456
407
414
395
474
476
428
406
481
475
383
483
471
