475
383
481
406
471
483
474
476
395
414
364
456
428
407
405
452
482
425
367
389
375
441
434
447
437
356
404
372
379
359
467
403
461
409
454
283
477
402
498
415
446
423
493
492
490
397
450
368
460
436
455
387
380
445
488
365
240
464
442
353
166
301
484
354
53
106
92
384
385
199
363
45
392
314
8
358
294
212
311
72
390
274
205
264
33
122
349
227
27
139
315
114
30
51
191
105
241
187
171
251
224
186
336
318
83
332
96
22
44
378
284
103
394
132
340
104
360
197
133
214
462
50
386
376
377
189
236
433
136
351
362
444
112
141
215
439
17
357
69
470
429
31
309
244
451
150
438
497
459
410
495
396
489
355
259
75
190
253
466
418
361
269
225
159
430
287
248
126
46
135
412
117
413
479
268
237
457
270
219
391
79
292
245
285
296
275
411
469
486
478
374
64
193
398
422
431
123
432
443
416
345
465
371
369
393
160
487
491
426
352
19
494
468
399
181
400
500
463
485
448
421
420
458
419
