406
475
383
474
471
481
476
483
456
414
395
425
428
364
407
375
405
452
389
379
439
367
482
356
404
467
434
433
359
372
441
447
415
409
283
446
461
403
387
368
498
402
454
423
460
492
397
477
353
493
455
436
365
490
450
354
488
380
166
363
445
240
484
92
199
442
53
301
464
392
384
385
45
106
8
72
212
27
294
274
314
33
205
349
315
311
171
30
122
114
390
264
191
139
336
187
105
251
22
186
96
83
103
241
224
318
284
378
51
332
236
44
394
227
133
340
132
50
377
360
214
386
189
197
462
104
376
136
351
444
358
362
112
215
141
17
437
69
470
309
429
357
244
150
31
489
500
459
438
495
355
410
497
190
396
418
451
466
369
259
225
75
159
126
253
361
287
248
46
412
269
237
117
479
270
296
135
219
457
64
245
285
391
268
79
292
413
374
411
275
486
422
469
478
398
432
430
443
431
160
193
345
465
393
123
416
19
487
400
352
491
426
181
468
371
399
485
494
421
463
419
420
448
458
