420
448
458
421
419
463
399
494
371
500
485
426
487
400
181
468
19
393
416
160
491
352
345
465
431
193
268
123
432
398
422
64
443
478
469
486
219
296
374
411
245
285
275
79
237
292
270
457
413
391
479
135
430
46
269
412
126
225
117
159
248
466
287
259
253
75
418
451
190
369
361
355
410
396
489
497
150
495
244
31
438
459
357
17
429
309
470
437
215
69
112
136
362
444
141
351
376
377
197
189
386
462
133
50
214
360
104
340
378
236
224
284
132
186
44
332
96
227
336
394
318
51
22
251
241
187
30
105
191
171
83
103
311
114
139
264
27
349
122
315
390
205
72
294
45
33
212
274
8
314
384
464
106
53
392
358
385
92
301
484
363
199
488
240
166
380
442
353
365
490
436
354
445
455
397
450
368
477
492
493
423
498
460
387
283
415
446
409
402
454
403
359
467
439
372
461
447
441
433
434
356
482
379
404
389
375
425
367
452
428
405
456
407
414
395
406
471
483
364
481
476
474
383
475
