458
421
420
399
371
419
485
500
463
448
468
494
352
400
181
487
123
19
426
416
393
160
491
465
431
345
443
432
486
193
478
398
469
268
64
422
374
292
275
285
79
245
411
219
457
270
296
237
430
391
135
46
479
412
117
413
126
159
225
287
253
248
75
361
369
466
269
418
355
259
190
489
244
396
438
410
497
459
150
495
429
309
357
470
31
451
69
215
17
141
437
112
444
439
136
362
376
462
377
214
386
104
189
360
197
236
50
132
133
284
224
378
44
340
96
171
394
318
332
186
241
51
103
251
105
22
227
336
139
114
349
83
187
122
191
264
311
390
205
27
315
72
212
274
30
294
33
314
464
384
8
358
385
301
199
53
392
45
92
484
106
351
240
166
354
353
363
442
445
380
365
488
490
436
455
450
397
493
415
492
387
477
498
423
461
402
460
359
283
368
403
446
454
409
379
372
404
433
447
441
375
356
434
467
482
452
389
405
425
367
456
428
483
414
395
407
474
364
476
471
383
406
481
475
