420
458
448
421
463
399
419
361
485
494
371
426
468
181
487
352
400
19
416
345
393
465
491
268
160
422
469
398
431
486
432
123
443
478
64
193
374
275
79
411
245
292
46
285
270
219
391
413
237
479
296
412
457
430
117
135
159
225
126
269
248
287
259
418
253
466
75
190
355
369
396
500
489
410
495
459
150
497
244
451
438
309
429
470
31
357
69
17
141
433
215
444
362
112
376
462
136
351
214
386
189
377
197
104
132
340
360
133
50
378
284
236
44
103
394
332
227
224
96
251
186
241
105
51
318
336
191
22
83
171
187
122
114
264
349
315
30
139
311
27
390
72
45
294
212
274
33
205
358
8
363
314
106
385
53
199
301
166
384
380
392
442
92
464
353
484
365
240
488
455
397
490
368
436
450
492
493
445
387
477
423
354
446
498
460
461
454
283
402
441
403
359
409
404
467
415
379
356
375
389
372
434
437
447
425
439
452
367
482
428
456
364
414
483
476
395
405
407
474
383
481
471
406
475
