475
406
383
476
471
474
483
395
414
481
428
452
364
456
367
407
482
356
425
389
375
447
433
379
405
467
434
404
441
409
359
454
403
461
372
415
477
283
446
492
402
493
423
498
436
387
488
460
397
450
368
445
490
365
455
484
442
380
240
354
351
301
166
363
384
353
92
45
106
8
392
385
464
53
274
33
212
294
314
27
199
311
72
122
315
390
227
264
349
105
187
205
139
191
114
30
336
318
22
241
171
51
96
251
103
83
284
224
186
332
378
236
44
394
197
133
340
50
104
132
214
360
189
462
386
376
377
444
112
501
136
358
362
215
439
141
437
17
309
69
470
357
31
429
438
451
150
459
244
497
410
396
190
489
355
500
75
495
369
485
418
159
466
259
253
287
46
248
225
117
269
430
126
479
457
412
135
237
413
245
296
270
391
411
292
285
268
275
64
219
79
422
398
443
469
432
374
193
431
486
491
465
345
123
160
416
393
487
400
19
352
426
478
468
463
371
494
419
181
361
399
448
458
421
